4294967278,378
4294967294,106
4294967294,127
4294967294,126
4294967294,13
4294967294,120
4294967279,426
4294967279,442
4294967279,331
4294967279,310
4294967278,363
4294967278,560
4294967278,256
4294967278,528
4294967278,362
4294967279,372
4294967279,330
4294967279,383
4294967279,241
4294967279,233
4294967278,255
4294967279,304
4294967294,50
4294967294,1432
4294967294,499
4294967278,254
4294967294,81
4294967294,11
4294967278,352
4294967279,425
4294967278,251
4294967294,945
4294967294,943
4294967294,898
4294967294,896
4294967294,60
4294967294,68
4294967294,12
4294967278,249
4294967279,248
4294967279,246
4294967279,404
506,4
4294967278,340
506,3
506,2
506,1
4294967278,370
4294967279,403
4294967294,1464
4294967294,1429
4294967294,1417
4294967294,1456
4294967294,1427
4294967294,1430
4294967294,426
4294967294,505
4294967278,369
4294967279,401
4294967279,400
4294967294,1450
4294967294,1451
4294967279,399
505,4
4294967278,335
505,3
505,2
505,1
4294967278,361
4294967279,398
4294967278,231
4294967279,230
4294967279,228
504,4
504,3
504,2
504,1
4294967278,223
4294967279,224
4294967279,275
4294967278,221
448,3919
448,38
448,3917
448,2750
448,2743
448,2738
448,2724
448,2715
448,2708
448,2704
448,2695
448,1466
448,1458
448,1451
448,1442
448,1433
448,1424
448,1416
448,1218
448,56
448,51
448,41
448,5
448,4177
448,3792
448,3730
448,3534
448,3301
448,3150
448,2967
448,2872
448,2609
448,2356
448,2202
448,2132
448,1972
448,1773
448,1630
448,1280
448,969
448,750
448,563
448,408
448,1225
448,1224
448,1223
448,1222
448,2
448,4
4294967279,220
4294967279,218
4294967279,216
503,5
503,4
4294967279,302
503,3
503,2
503,1
4294967278,527
4294967279,214
502,28
502,27
502,26
502,25
502,24
502,23
502,22
502,21
502,20
502,19
4294967278,217
502,18
502,17
502,16
502,15
502,14
4294967278,215
502,13
502,12
502,11
502,10
4294967278,213
4294967278,174
4294967278,0
502,9
502,8
502,7
502,6
4294967278,521
502,5
4294967279,328
4294967279,211
502,4
4294967279,210
502,3
502,2
502,1
4294967279,209
4294967278,325
501,4
501,3
501,2
501,1
4294967279,370
4294967278,566
500,4
500,3
500,2
500,1
4294967279,378
0,7
4294967294,1463
4294967278,556
499,4
499,3
499,2
499,1
4294967279,424
4294967294,504
4294967278,555
4294967293,131
4294967293,130
4294967293,129
4294967293,128
4294967293,127
4294967293,126
4294967293,125
4294967293,124
4294967293,123
4294967293,122
4294967293,121
4294967293,120
4294967293,119
4294967293,118
4294967293,117
4294967293,116
4294967293,115
4294967293,114
4294967293,113
4294967293,112
4294967293,111
4294967293,110
4294967293,109
4294967293,108
4294967293,107
4294967293,106
4294967293,105
4294967293,104
4294967293,103
4294967293,102
4294967293,101
4294967293,100
4294967293,99
4294967293,98
4294967293,97
4294967293,96
4294967293,95
4294967293,94
4294967293,93
4294967293,92
4294967293,91
4294967293,90
4294967293,89
4294967293,87
4294967293,86
4294967293,85
4294967293,84
4294967293,83
4294967293,82
4294967293,81
4294967293,80
4294967293,79
4294967293,78
4294967293,77
4294967293,76
4294967293,75
4294967293,74
4294967293,73
4294967293,72
4294967293,71
4294967293,70
4294967293,69
4294967293,68
4294967293,67
4294967293,66
4294967293,65
4294967293,64
4294967293,63
4294967293,62
4294967293,61
4294967293,60
4294967293,59
4294967293,58
4294967293,57
4294967293,56
4294967293,55
4294967293,54
4294967293,53
4294967293,52
4294967293,51
4294967293,50
4294967293,49
4294967293,48
4294967293,47
4294967293,46
4294967293,45
4294967293,44
4294967293,43
4294967293,42
4294967293,41
4294967293,40
4294967293,39
4294967293,38
4294967293,37
4294967293,36
4294967293,35
4294967293,34
4294967293,33
4294967293,32
4294967293,31
4294967293,30
4294967293,29
4294967293,28
4294967293,27
4294967293,26
4294967293,25
4294967293,24
4294967293,23
4294967293,22
4294967293,21
4294967293,20
4294967293,19
4294967293,18
4294967293,17
4294967293,16
4294967293,15
4294967293,14
4294967293,13
4294967293,12
4294967293,11
4294967293,10
4294967293,9
4294967293,8
4294967293,7
4294967293,6
4294967293,5
4294967293,4
4294967293,3
4294967278,132
4294967278,131
4294967278,130
4294967278,129
4294967278,128
4294967278,127
4294967278,126
4294967278,125
4294967278,124
4294967278,123
4294967278,122
4294967278,121
4294967278,120
4294967278,119
4294967278,118
4294967278,117
4294967278,116
4294967278,115
4294967278,114
4294967278,113
4294967278,112
4294967278,111
4294967278,110
4294967278,109
4294967278,108
4294967278,107
4294967278,106
4294967278,105
4294967278,104
4294967278,103
4294967278,102
4294967278,101
4294967278,100
4294967278,99
4294967278,98
4294967278,97
4294967278,96
4294967278,95
4294967278,94
4294967278,93
4294967278,92
4294967278,91
4294967278,90
4294967278,81
4294967278,80
4294967278,79
4294967278,78
4294967278,77
4294967278,76
4294967278,75
4294967278,72
4294967278,71
4294967278,67
4294967278,66
4294967278,64
4294967278,62
4294967278,61
4294967278,59
4294967278,58
4294967278,57
4294967278,56
4294967278,55
4294967278,53
4294967278,52
4294967278,51
4294967278,50
4294967278,48
4294967278,47
4294967278,46
4294967278,45
4294967278,42
4294967278,41
4294967278,40
4294967278,38
4294967278,37
4294967278,36
4294967278,35
4294967278,33
4294967278,32
4294967278,31
4294967278,30
4294967278,28
4294967278,27
4294967278,26
4294967278,25
4294967278,23
4294967278,22
4294967278,21
4294967278,20
4294967278,18
4294967278,17
4294967278,15
4294967278,14
4294967278,13
4294967278,10
4294967278,9
4294967278,8
4294967278,5
4294967278,4
4294967279,132
4294967279,131
4294967279,130
4294967279,129
4294967279,128
4294967279,127
4294967279,126
4294967279,125
4294967279,124
4294967279,123
4294967279,122
4294967279,121
4294967279,120
4294967279,119
4294967279,118
4294967279,117
4294967279,116
4294967279,115
4294967279,114
4294967279,113
4294967279,112
4294967279,111
4294967279,110
4294967279,109
4294967279,108
4294967279,107
4294967279,106
4294967279,105
4294967279,104
4294967279,103
4294967279,102
4294967279,101
4294967279,100
4294967279,99
4294967279,98
4294967279,97
4294967279,96
4294967279,95
4294967279,94
4294967279,93
4294967279,92
4294967279,91
4294967279,90
4294967279,82
4294967279,81
4294967279,80
4294967279,78
4294967279,77
4294967279,76
4294967279,73
4294967279,72
4294967279,71
4294967279,67
4294967279,66
4294967279,62
4294967279,61
4294967279,60
4294967279,58
4294967279,57
4294967279,56
4294967279,53
4294967279,52
4294967279,51
4294967279,48
4294967279,47
4294967279,46
4294967279,43
4294967279,42
4294967279,41
4294967279,38
4294967279,37
4294967279,36
4294967279,33
4294967279,32
4294967279,31
4294967279,28
4294967279,27
4294967279,26
4294967279,23
4294967279,22
4294967279,21
4294967279,20
4294967279,19
4294967279,18
4294967279,17
4294967279,16
4294967279,15
4294967279,14
4294967279,13
4294967279,11
4294967279,10
4294967279,9
4294967279,8
4294967279,5
4294967279,4
4294967279,79
4294967279,362
4294967279,75
498,4
498,3
498,2
498,1
4294967278,73
4294967278,540
497,14
497,13
497,12
497,11
497,6
497,5
497,10
497,9
4294967278,74
497,8
497,7
4294967279,74
4294967279,356
4294967279,354
4294967278,70
497,4
4294967279,70
497,3
497,2
497,1
4294967279,443
4294967278,69
4294967279,69
4294967278,68
4294967279,68
4294967279,342
4294967278,65
496,4
4294967279,65
496,3
496,2
496,1
4294967279,431
4294967294,1470
4294967279,64
4294967278,63
4294967278,535
4294967279,63
4294967279,59
4294967279,338
4294967278,60
495,4
4294967279,173
495,3
495,2
495,1
4294967294,1425
4294967294,908
4294967294,28
4294967279,172
4294967279,55
494,4
494,3
494,2
494,1
4294967279,395
4294967294,924
4294967294,503
4294967278,54
4294967278,531
4294967279,54
4294967279,337
4294967279,50
4294967294,1455
4294967278,164
4294967294,1447
4294967294,1446
4294967279,165
493,4
4294967279,164
493,3
493,2
493,1
4294967279,368
4294967294,1454
4294967294,29
4294967294,1453
4294967294,1448
4294967294,1445
4294967278,49
4294967278,366
4294967279,49
4294967279,427
4294967279,45
492,4
492,3
492,2
492,1
4294967278,44
4294967278,561
4294967279,44
4294967279,355
4294967278,43
4294967279,40
4294967279,154
491,4
4294967279,153
491,3
491,2
491,1
4294967279,352
4294967294,1423
4294967294,417
4294967294,46
4294967278,39
4294967279,39
4294967278,150
4294967279,35
4294967278,149
4294967279,149
490,4
490,3
490,2
490,1
4294967279,290
4294967278,34
4294967278,288
4294967279,34
4294967278,145
4294967279,30
4294967279,144
489,4
4294967279,143
489,3
489,2
489,1
4294967279,422
4294967278,29
4294967278,375
4294967279,29
4294967278,140
4294967279,25
4294967279,139
488,4
488,3
488,2
488,1
4294967279,417
4294967278,24
4294967278,542
4294967279,24
4294967278,19
487,5
4294967279,273
487,4
487,3
487,2
487,1
4294967278,364
4294967294,502
4294967294,2
4294967294,0
4294967294,89
486,4
486,3
486,2
486,1
4294967278,257
4294967278,16
4294967278,341
4294967279,269
4294967278,12
4294967279,411
4294967278,345
4294967279,413
485,4
4294967278,351
485,3
485,2
485,1
4294967278,548
4294967279,410
4294967294,1
4294967278,350
4294967279,12
4294967279,446
4294967278,11
4294967278,322
4294967294,22
4294967294,17
4294967294,99
4294967294,76
4294967294,41
4294967278,7
4294967294,107
4294967294,67
4294967294,992
4294967279,263
4294967294,1449
4294967278,263
4294967294,94
4294967294,93
4294967294,96
4294967294,95
4294967279,412
484,4
4294967278,262
484,3
484,2
484,1
4294967278,544
4294967294,9
4294967279,277
4294967294,8
4294967294,45
4294967294,44
4294967294,43
4294967294,53
4294967294,1441
4294967294,52
4294967294,1469
4294967294,51
4294967294,187
4294967294,1437
4294967294,26
4294967294,25
4294967294,92
4294967294,91
4294967294,90
4294967294,88
4294967294,87
4294967294,86
4294967294,85
4294967294,84
4294967278,261
4294967294,82
4294967294,42
4294967294,1416
4294967294,83
4294967279,7
483,683
483,288
483,682
483,543
483,327
483,681
483,680
483,679
483,415
483,678
483,677
483,414
483,412
483,676
483,675
483,674
483,413
483,396
483,673
483,542
483,672
483,671
483,670
483,669
483,541
483,532
483,668
483,667
483,666
483,157
483,665
483,664
483,663
483,662
483,661
483,660
483,659
483,658
483,305
483,657
483,304
483,656
483,655
483,654
4294967279,259
4294967278,6
483,653
483,652
483,410
483,651
483,303
483,301
483,302
483,540
483,151
483,650
483,539
483,649
483,648
483,300
483,647
483,538
483,187
483,646
483,645
483,644
483,643
483,537
483,535
483,642
483,299
483,149
483,641
483,411
483,0
483,407
483,640
483,536
483,183
483,639
483,638
483,637
483,636
483,635
483,298
483,297
483,634
483,534
483,633
483,533
483,632
483,631
483,182
483,630
483,146
483,409
483,408
483,629
483,296
483,294
483,148
483,295
483,404
483,628
483,627
483,626
483,143
483,625
483,531
483,178
483,406
483,321
483,624
483,623
483,293
483,292
483,622
483,621
483,144
483,620
483,619
483,530
483,142
483,618
483,617
483,291
483,290
483,616
483,140
483,615
483,614
483,613
483,289
483,172
483,612
483,611
483,405
483,610
483,403
483,529
483,173
483,609
483,608
483,607
483,606
4294967278,259
0,5
483,528
483,527
483,605
483,604
4294967279,272
483,603
483,137
483,136
483,602
483,401
483,601
483,600
483,599
483,287
483,171
483,598
483,597
483,286
483,170
483,596
483,595
483,285
483,594
483,526
483,168
483,525
483,593
483,592
483,591
483,402
483,524
483,128
483,590
483,523
483,398
483,589
483,588
483,284
483,283
483,282
483,281
483,587
483,522
483,521
483,400
483,134
483,586
483,585
483,584
483,520
483,583
483,165
483,582
483,129
483,581
483,580
483,579
483,519
483,516
483,399
483,578
483,577
483,394
483,280
483,132
4294967279,264
483,576
483,511
483,510
483,509
483,508
483,518
483,517
483,507
483,397
483,21
483,22
483,506
483,279
483,60
483,505
483,504
483,503
483,502
483,501
483,500
483,278
483,277
483,276
483,499
483,498
483,497
483,164
483,496
483,495
483,395
483,494
483,392
483,493
4294967279,260
4294967279,0
4294967279,6
483,492
483,491
483,163
483,490
483,489
483,488
483,515
483,514
483,487
483,275
483,274
483,273
483,486
483,485
483,484
483,483
483,482
483,481
483,26
483,480
483,479
483,478
483,477
483,476
483,475
483,474
483,473
483,513
483,472
483,471
483,470
483,469
483,468
483,467
483,466
483,465
483,272
483,464
483,393
483,387
483,463
483,462
483,461
483,271
483,270
483,269
483,59
483,460
483,391
483,50
483,459
483,55
483,458
483,457
483,456
483,268
483,267
483,455
483,454
483,390
483,49
483,453
483,452
483,451
483,389
483,51
483,450
483,512
483,30
483,449
483,448
483,255
483,254
483,266
483,265
483,253
483,252
483,388
483,384
483,45
483,251
483,250
483,249
483,248
483,264
483,161
483,247
483,160
483,386
483,38
483,246
4294967278,258
483,245
483,244
483,326
483,243
483,242
4294967279,287
483,263
483,40
483,241
483,240
483,385
483,190
483,239
483,262
483,261
483,238
483,237
483,236
483,235
4294967279,284
483,260
483,234
483,233
483,232
483,31
483,231
483,325
483,320
483,324
483,230
483,323
483,33
483,229
483,322
483,228
4294967279,283
483,227
483,154
483,259
483,258
483,226
483,225
483,257
483,224
483,191
483,23
483,184
483,223
483,256
483,25
483,222
483,189
483,221
483,188
483,220
4294967279,282
483,219
483,218
483,217
483,216
483,186
483,185
483,215
483,214
483,179
483,213
4294967279,280
483,212
483,211
483,210
483,209
483,208
483,181
483,180
483,174
483,207
483,206
483,205
483,177
483,204
483,176
483,203
483,175
483,166
483,202
483,201
483,200
483,199
483,198
483,197
483,196
4294967279,276
483,169
483,195
483,130
483,194
483,193
483,192
483,167
483,158
4294967278,300
483,127
483,126
483,125
483,124
483,123
483,122
483,121
483,120
483,162
483,119
4294967278,298
483,118
483,117
483,159
483,152
483,116
483,36
483,115
483,114
483,113
483,156
483,112
483,111
483,155
4294967278,297
483,110
483,109
483,108
483,107
483,153
483,147
483,106
483,105
483,104
4294967278,294
483,103
483,102
483,150
483,101
483,100
483,99
483,141
483,98
483,97
483,145
4294967278,292
483,96
483,95
483,94
483,93
483,92
483,135
483,138
483,91
483,90
4294967278,287
483,89
483,88
483,87
483,86
483,85
483,139
483,84
483,133
483,83
483,82
483,81
483,80
4294967279,268
483,79
483,78
483,77
483,61
483,76
483,75
483,131
483,74
483,58
483,73
4294967279,267
483,72
483,71
483,70
483,69
483,63
483,62
483,68
483,67
483,66
4294967279,265
483,24
483,65
483,64
483,57
483,56
483,54
483,53
483,52
483,48
483,47
483,46
483,44
483,43
483,42
483,41
4294967279,262
483,39
483,37
483,35
483,34
483,32
483,29
483,28
483,27
4294967279,261
4294967279,174
483,7
483,6
483,5
483,20
483,19
483,18
483,17
483,16
483,15
483,14
483,13
483,12
483,11
483,10
4294967279,393
483,9
483,8
4294967278,538
4294967279,334
4294967294,1452
4294967278,307
483,4
483,3
483,2
483,1
4294967279,253
4294967278,306
482,320
482,255
482,254
482,253
482,252
482,261
482,32
482,251
482,250
482,249
482,248
482,247
482,246
482,260
482,245
482,244
482,259
482,23
482,243
482,242
482,51
482,241
482,258
482,240
482,239
482,238
482,237
482,236
482,235
482,234
482,233
4294967278,305
482,232
482,231
482,230
482,229
482,257
482,228
482,59
482,227
482,226
482,225
482,256
482,41
482,224
482,223
482,63
482,60
482,222
482,221
482,220
482,62
482,49
482,219
482,218
482,217
482,216
482,215
482,214
482,61
482,44
482,213
482,212
482,211
482,210
482,209
482,208
482,58
482,207
482,206
482,205
482,204
482,203
482,202
482,201
482,200
482,199
482,198
482,197
482,196
482,195
482,194
482,193
482,192
482,191
482,190
482,189
482,188
482,187
482,186
482,185
482,184
482,183
482,182
482,181
482,180
482,179
482,178
482,177
482,176
482,175
482,174
482,173
482,172
482,45
482,171
482,170
482,169
482,168
482,167
482,166
482,165
482,164
482,163
482,162
482,161
482,160
482,159
482,158
482,157
482,156
482,155
482,57
482,154
482,153
482,152
482,151
482,150
482,149
482,56
482,52
482,148
482,147
482,146
482,145
482,144
482,143
482,142
482,141
482,140
482,139
482,55
482,138
482,137
482,136
482,135
482,134
482,133
482,132
482,131
482,130
482,129
482,128
482,127
482,126
482,125
482,54
482,124
482,123
482,122
482,121
482,120
482,53
482,119
482,118
482,117
482,116
482,115
482,114
482,113
482,112
482,111
482,110
482,109
482,108
482,107
482,50
482,106
482,105
482,24
482,104
482,48
482,43
482,103
482,102
482,101
482,100
482,99
482,98
482,97
482,96
482,95
482,94
482,93
482,47
482,92
482,46
482,91
482,90
482,89
482,88
482,87
482,86
482,85
482,84
482,83
482,82
482,81
482,80
482,79
482,78
482,77
482,76
482,75
482,74
482,42
482,73
482,72
482,71
482,70
482,69
482,68
482,67
482,66
482,65
482,64
482,40
482,39
482,38
482,37
482,36
482,35
482,34
482,33
482,31
482,30
482,29
482,28
482,27
482,26
482,25
482,5
482,22
482,21
482,20
482,19
482,18
482,17
482,16
482,15
482,14
482,13
482,12
482,11
482,10
4294967279,418
482,9
482,8
482,7
482,6
4294967278,303
4294967294,5
4294967278,253
4294967278,250
482,4
482,3
482,2
482,1
4294967279,382
4294967278,248
4294967294,392
4294967294,393
4294967294,390
4294967294,115
4294967278,247
4294967279,247
4294967278,244
4294967278,339
481,4
481,3
481,2
481,1
4294967279,371
4294967278,338
4294967278,526
4294967279,391
4294967278,336
4294967278,334
480,4
480,3
480,2
480,1
4294967279,231
4294967278,230
4294967294,1465
4294967294,1457
4294967294,1460
4294967294,954
4294967294,395
4294967294,409
4294967294,399
4294967294,419
4294967294,422
4294967294,385
4294967294,923
4294967294,415
4294967294,902
4294967294,183
4294967294,955
4294967294,168
4294967294,167
4294967294,471
4294967294,184
4294967294,468
4294967294,459
4294967278,89
4294967278,87
4294967278,86
4294967278,260
4294967279,89
4294967279,87
4294967279,86
4294967279,83
4294967294,501
479,28
479,27
4294967278,236
479,26
479,25
479,24
4294967278,235
479,23
479,22
479,21
4294967278,234
479,20
479,19
479,18
4294967278,233
479,17
479,16
479,15
4294967278,232
479,14
479,13
479,12
4294967278,228
479,11
479,10
479,9
4294967278,227
479,8
479,7
479,6
479,5
4294967278,229
4294967278,226
4294967278,224
4294967278,222
479,4
479,3
479,2
479,1
4294967279,322
4294967278,220
4294967278,218
4294967278,216
4294967278,214
478,4
478,3
478,2
478,1
4294967279,429
4294967278,211
4294967278,210
4294967278,209
477,4
477,3
477,2
477,1
4294967279,380
4294967278,208
4294967294,1459
476,36
476,35
476,34
476,33
476,32
476,31
476,30
476,29
476,28
476,27
476,26
476,25
476,24
476,23
476,22
476,21
476,20
476,19
476,18
476,17
476,16
476,15
476,14
476,13
476,12
476,11
476,10
476,9
476,8
476,7
476,6
476,5
4294967278,283
4294967278,280
4294967279,258
4294967278,279
476,4
4294967279,257
476,3
476,2
476,1
4294967278,203
4294967294,1462
4294967279,204
4294967279,364
4294967278,278
4294967278,277
4294967279,201
4294967278,199
475,4
4294967279,381
475,3
475,2
475,1
4294967278,275
